     k | plain: e0        a      vf      gap | wrapped: e0        a      vf      gap
     0 |   0.82023   1.0000  0.0300  0.61011 |     0.82023   1.0000  0.0300  0.61011
     1 |   0.81573   1.0000  0.0600  0.60786 |     0.82023   1.0000  0.0600  0.60786
     2 |   0.82213   1.0000  0.0900  0.61106 |     0.81573   1.0000  0.0900  0.61106
     3 |   0.82023   1.0000  0.1200  0.61011 |     0.82213   1.0000  0.1200  0.61011
     4 |   0.82210   1.0000  0.1500  0.61105 |     0.82023   1.0000  0.1500  0.61105
     5 |   0.82207   1.0000  0.1800  0.61104 |     0.82210   1.0000  0.1800  0.61104
     6 |   0.81565   1.0000  0.2100  0.60782 |     0.82207   1.0000  0.2100  0.60782
     7 |   0.81522   1.0000  0.2400  0.60761 |     0.81565   1.0000  0.2400  0.60761
     8 |   0.81599   1.0000  0.2700  0.60800 |     0.81522   1.0000  0.2700  0.60800
     9 |   0.82197   1.0000  0.3000  0.61098 |     0.81599   1.0000  0.3000  0.61098
    10 |   0.82094   1.0000  0.3300  0.61047 |     0.82197   1.0000  0.3300  0.61047
    11 |   0.81549   1.0000  0.3600  0.60774 |     0.82094   1.0000  0.3600  0.60774
    12 |   0.82083   1.0000  0.3900  0.61042 |     0.81549   1.0000  0.3900  0.61042
    13 |   0.82181   1.0000  0.4200  0.61091 |     0.82083   1.0000  0.4200  0.61091
    14 |   0.81576   1.0000  0.4500  0.60788 |     0.82181   1.0000  0.4500  0.60788
    15 |   0.81491   1.0000  0.4800  0.60745 |     0.81576   1.0000  0.4800  0.60745
    16 |   0.81485   1.0000  0.5100  0.60743 |     0.81491   1.0000  0.5100  0.60743
    17 |   0.81480   1.0000  0.5400  0.60740 |     0.81485   1.0000  0.5400  0.60740
    18 |   0.81399   1.0000  0.5700  0.60699 |     0.81480   1.0000  0.5700  0.60699
    19 |   0.80467   1.0000  0.6000  0.60233 |     0.81399   1.0000  0.6000  0.60233
    20 |   0.80375   1.0000  0.6300  0.60188 |     0.80467   1.0000  0.6300  0.60188
    21 |   0.79454   1.0000  0.6600  0.59727 |     0.80375   1.0000  0.6600  0.59727
    22 |   0.78446   1.0000  0.6900  0.59223 |     0.79454   1.0000  0.6900  0.59223
    23 |   0.77438   1.0000  0.7200  0.58719 |     0.78446   1.0000  0.7200  0.58719
    24 |   0.76430   1.0000  0.7500  0.58215 |     0.77438   1.0000  0.7500  0.58215
    25 |   0.75406   1.0000  0.7800  0.57703 |     0.76430   1.0000  0.7800  0.57703
    26 |   0.74001   1.0000  0.8100  0.57001 |     0.75406   1.0000  0.8100  0.57001
    27 |   0.72383   1.0000  0.8400  0.56192 |     0.74001   1.0000  0.8400  0.56192
    28 |   0.70393   1.0000  0.8700  0.55197 |     0.72383   1.0000  0.8700  0.55197
    29 |   0.68383   1.0000  0.9000  0.54191 |     0.70393   1.0000  0.9000  0.54191
    30 |   0.66372   1.0000  0.9300  0.53186 |     0.68383   1.0000  0.9300  0.53186
    31 |   0.64362   1.0000  0.9600  0.52181 |     0.66372   1.0000  0.9600  0.52181
    32 |   0.62014   1.0000  0.9900  0.51007 |     0.64362   1.0000  0.9900  0.51007
    33 |   0.59338   1.0000  1.0200  0.49669 |     0.62014   1.0000  1.0200  0.49669
    34 |   0.56325   1.0000  1.0500  0.48163 |     0.59338   1.0000  1.0500  0.48163
    35 |   0.54128   1.0000  1.0800  0.47064 |     0.56325   1.0000  1.0800  0.47064
    36 |   0.51320   1.0000  1.1100  0.45660 |     0.54128   1.0000  1.1100  0.45660
    37 |   0.49135   1.0000  1.1400  0.44568 |     0.51320   1.0000  1.1400  0.44568
    38 |   0.46320   1.0000  1.1700  0.43160 |     0.49135   1.0000  1.1700  0.43160
    39 |   0.43320   1.0000  1.2000  0.41660 |     0.46320   1.0000  1.2000  0.41660
    40 |   0.41014   0.3745  1.1700  0.40507 |     0.43320   1.0000  1.2300  0.40160  <<<
  => divergence at step 40: plain len 70, wrapped len 62
