  plain len 200   wrapped len 62
     k  plain_obs[2]  plain_a  plain_gap |  wr_obs[2]     wr_a     wr_gap
     0       0.00000   1.0000    0.61011 |    0.00000   1.0000    0.61011
     1       0.02308   1.0000    0.60786 |    0.02308   1.0000    0.60786
     2       0.04615   1.0000    0.61106 |    0.04615   1.0000    0.61106
     3       0.06923   1.0000    0.61011 |    0.06923   1.0000    0.61011
     4       0.09231   1.0000    0.61105 |    0.09231   1.0000    0.61105
     5       0.11538   1.0000    0.61104 |    0.11538   1.0000    0.61104
    40       0.92308   0.3745    0.40507 |    0.92308   1.0000    0.40160  <<< DIVERGE
  => first divergence at step 40
